80 12 15 
69 
66 
60 
57 
55 
52 
29 
44 
23 
17 
16 
13 
2 
31 65 34 21 8 59 76 4 6 
1 

1 69
2 69
3 4
4 60
5 16
6 55
7 29
8 13
9 15
10 29
11 4
12 29
13 52
14 66
15 4
16 69
17 15
18 2
19 13
20 66
21 15
22 44
23 1
24 29
25 1
26 23
27 52
28 52
29 1
30 1
31 29
32 17
33 57
34 57
35 69
36 16
37 8
38 57
39 57
40 29
41 17
42 29
43 80
44 17
45 21
46 4
47 23
48 29
49 4
50 57
51 69
52 2
53 23
54 66
55 2
56 55
57 44
58 29
59 15
60 52
61 69
62 16
63 29
64 17
65 69
66 55
67 55
68 13
69 16
70 59
71 16
72 2
73 13
74 16
75 17
76 52
77 29
78 29
79 69
80 69
81 16
82 57
83 59
84 66
85 13
86 80
87 2
88 44
89 29
90 52
91 66
92 57
93 4
94 55
95 66
96 57
97 60
98 60
99 2
100 55
101 2
102 17
103 44
104 16
105 29
106 52
107 60
108 29
109 44
110 29
111 13
112 60
113 23
114 66
115 69
116 13
117 52
118 2
119 15
120 15
121 60
122 65
123 15
124 55
125 69
126 1
127 57
128 69
129 13
130 44
131 55
132 55
133 60
134 44
135 1
136 60
137 29
138 1
139 60
140 1
141 23
142 55
143 69
144 16
145 29
146 17
147 55
148 69
149 57
150 13
151 52
152 52
153 23
154 44
155 1
156 57
157 44
158 66
159 1
160 23
161 17
162 66
163 60
164 59
165 55
166 34
167 66
168 13
169 23
170 17
171 17
172 57
173 52
174 15
175 17
176 13
177 69
178 23
179 16
180 13
181 4
182 2
183 57
184 57
185 16
186 69
187 1
188 52
189 23
190 69
191 13
192 15
193 13
194 23
195 16
196 60
197 2
198 23
199 2
200 44
201 44
202 1
203 57
204 12
205 55
206 55
207 16
208 29
209 17
210 55
211 2
212 23
213 57
214 2
215 16
216 16
217 57
218 60
219 57
220 52
221 44
222 55
223 44
224 17
225 16
226 4
227 6
228 44
229 15
230 2
231 1
232 57
233 17
234 66
235 15
236 13
237 23
238 1
239 4
240 57
241 44
242 52
243 52
244 66
245 29
246 69
247 55
248 31
249 2
250 15
251 13
252 44
253 66
254 55
255 23
256 60
257 55
258 15
259 60
260 16
261 2
262 44
263 23
264 1
265 69
266 57
267 55
268 60
269 44
270 60
271 29
272 13
273 17
274 17
275 52
276 17
277 1
278 16
279 1
280 60
281 13
282 4
283 13
284 23
285 1
286 17
287 1
288 29
289 23
290 52
291 66
292 17
293 52
294 17
295 16
296 55
297 16
298 1
299 66
300 15
301 16
302 52
303 17
304 23
305 52
306 55
307 66
308 17
309 1
310 1
311 4
312 66
313 15
314 4
315 2
316 13
317 13
318 2
319 60
320 52
321 44
322 57
323 44
324 2
325 69
326 29
327 69
328 57
329 16
330 55
331 29
332 66
333 44
334 60
335 23
336 15
337 15
338 23
339 2
340 44
341 69
342 66
343 15
344 60
345 15
346 69
347 15
348 66
349 29
350 60
351 66
352 76
353 13
354 13
355 44
356 4
357 57
358 52
359 1
360 23
361 66
362 16
363 15
364 16
365 2
366 66
367 52
368 69
369 16
370 23
371 17
372 1
373 55
374 66
375 2
376 23
377 66
378 23
379 59
380 4
381 60
382 69
383 17
384 60
385 60
386 2
387 60
388 2
389 52
390 44
391 13
392 2
393 57
394 15
395 13
396 52
397 44
398 55
399 1
400 17

