72 49 34 6 2 
52 19 
40 38 
21 
75 67 56 46 58 25 
76 62 71 9 42 48 
51 80 20 53 
74 65 78 16 
26 5 13 37 29 54 
61 70 79 45 
3 55 57 36 1 
30 14 10 43 32 
41 33 63 27 
4 12 17 24 11 73 
69 
64 23 31 7 50 
8 28 18 60 
59 44 39 

1 36
2 36
3 57
4 1
5 36
6 57
7 57
8 57
9 57
10 46
11 49
12 49
13 4
14 4
15 4
16 75
17 2
18 4
19 4
20 4
21 3
22 3
23 3
24 3
25 3
26 55
27 3
28 3
29 3
30 3
31 4
32 49
33 49
34 4
35 4
36 49
37 49
38 4
39 4
40 49
41 37
42 37
43 11
44 38
45 37
46 37
47 5
48 11
49 11
50 11
51 4
52 6
53 6
54 6
55 6
56 4
57 4
58 6
59 4
60 4
61 78
62 78
63 27
64 27
65 41
66 16
67 27
68 41
69 41
70 50
71 8
72 8
73 8
74 8
75 21
76 8
77 21
78 69
79 69
80 21
81 48
82 76
83 76
84 42
85 9
86 42
87 42
88 76
89 9
90 76
91 16
92 14
93 16
94 10
95 10
96 14
97 16
98 65
99 14
100 43
101 39
102 45
103 45
104 45
105 45
106 39
107 39
108 45
109 26
110 45
111 4
112 4
113 4
114 4
115 4
116 4
117 4
118 75
119 4
120 4
121 11
122 37
123 13
124 37
125 17
126 5
127 18
128 5
129 13
130 37
131 14
132 14
133 14
134 65
135 14
136 14
137 14
138 14
139 14
140 14
141 80
142 80
143 80
144 20
145 20
146 80
147 80
148 80
149 80
150 20
151 16
152 64
153 52
154 43
155 52
156 52
157 51
158 16
159 43
160 51
161 38
162 26
163 38
164 18
165 60
166 38
167 38
168 24
169 38
170 38
171 38
172 49
173 49
174 38
175 49
176 49
177 38
178 38
179 26
180 49
181 69
182 21
183 19
184 69
185 21
186 69
187 19
188 69
189 19
190 69
191 20
192 20
193 59
194 80
195 20
196 80
197 80
198 44
199 20
200 20
201 21
202 21
203 21
204 21
205 21
206 21
207 21
208 21
209 21
210 21
211 63
212 63
213 27
214 63
215 7
216 63
217 63
218 27
219 27
220 63
221 64
222 80
223 41
224 80
225 64
226 41
227 80
228 41
229 80
230 64
231 37
232 26
233 60
234 38
235 26
236 38
237 60
238 38
239 38
240 38
241 28
242 8
243 28
244 8
245 28
246 28
247 28
248 8
249 25
250 28
251 72
252 39
253 39
254 39
255 39
256 39
257 26
258 72
259 39
260 26
261 27
262 78
263 16
264 14
265 78
266 78
267 16
268 27
269 16
270 16
271 28
272 28
273 8
274 28
275 28
276 8
277 8
278 8
279 28
280 28
281 29
282 29
283 6
284 29
285 29
286 6
287 6
288 54
289 54
290 29
291 14
292 14
293 30
294 14
295 14
296 14
297 14
298 14
299 14
300 14
301 41
302 41
303 16
304 31
305 50
306 41
307 41
308 50
309 31
310 41
311 52
312 69
313 21
314 52
315 69
316 32
317 69
318 52
319 52
320 52
321 50
322 7
323 7
324 7
325 33
326 33
327 41
328 41
329 33
330 41
331 4
332 4
333 4
334 4
335 4
336 4
337 4
338 49
339 12
340 4
341 45
342 11
343 5
344 26
345 11
346 45
347 11
348 45
349 5
350 11
351 57
352 57
353 57
354 57
355 57
356 57
357 57
358 76
359 36
360 57
361 18
362 18
363 26
364 38
365 38
366 38
367 38
368 38
369 60
370 38
371 26
372 38
373 38
374 26
375 39
376 26
377 26
378 38
379 26
380 26
381 39
382 39
383 39
384 59
385 39
386 39
387 39
388 59
389 59
390 72
391 40
392 72
393 21
394 21
395 21
396 21
397 40
398 21
399 72
400 21
401 16
402 64
403 50
404 64
405 64
406 64
407 50
408 16
409 64
410 41
411 76
412 74
413 76
414 74
415 74
416 74
417 42
418 74
419 42
420 76
421 32
422 52
423 52
424 52
425 19
426 43
427 52
428 52
429 52
430 52
431 59
432 59
433 59
434 59
435 44
436 73
437 59
438 53
439 59
440 59
441 45
442 45
443 39
444 39
445 45
446 73
447 39
448 45
449 39
450 39
451 46
452 46
453 56
454 56
455 46
456 46
457 46
458 46
459 46
460 46
461 61
462 61
463 45
464 61
465 61
466 61
467 61
468 61
469 61
470 61
471 48
472 42
473 74
474 42
475 74
476 42
477 76
478 48
479 42
480 42
481 49
482 28
483 49
484 28
485 28
486 28
487 28
488 49
489 49
490 49
491 64
492 64
493 64
494 50
495 64
496 64
497 64
498 52
499 64
500 64
501 52
502 52
503 52
504 52
505 52
506 52
507 52
508 52
509 52
510 52
511 69
512 69
513 69
514 21
515 52
516 52
517 69
518 52
519 69
520 21
521 21
522 21
523 21
524 53
525 53
526 21
527 40
528 40
529 53
530 21
531 54
532 34
533 37
534 37
535 4
536 49
537 37
538 49
539 49
540 17
541 71
542 57
543 57
544 9
545 57
546 57
547 57
548 55
549 62
550 55
551 75
552 25
553 56
554 75
555 56
556 75
557 75
558 56
559 75
560 56
561 62
562 57
563 76
564 57
565 57
566 57
567 57
568 57
569 57
570 57
571 25
572 8
573 25
574 58
575 8
576 25
577 8
578 25
579 25
580 28
581 40
582 53
583 40
584 40
585 40
586 59
587 40
588 40
589 40
590 59
591 38
592 49
593 38
594 38
595 26
596 39
597 26
598 38
599 38
600 38
601 61
602 44
603 44
604 45
605 45
606 61
607 61
608 59
609 61
610 45
611 74
612 19
613 74
614 76
615 76
616 76
617 76
618 76
619 76
620 74
621 63
622 63
623 63
624 63
625 63
626 63
627 63
628 63
629 63
630 27
631 64
632 64
633 64
634 64
635 51
636 52
637 64
638 64
639 51
640 64
641 65
642 69
643 52
644 65
645 19
646 19
647 65
648 19
649 65
650 32
651 41
652 41
653 23
654 41
655 41
656 80
657 41
658 23
659 41
660 41
661 75
662 75
663 75
664 75
665 67
666 2
667 56
668 75
669 75
670 75
671 14
672 14
673 14
674 14
675 14
676 14
677 30
678 30
679 14
680 14
681 69
682 21
683 21
684 69
685 69
686 21
687 69
688 21
689 21
690 69
691 61
692 61
693 70
694 61
695 61
696 70
697 44
698 70
699 61
700 44
701 57
702 62
703 57
704 71
705 57
706 57
707 42
708 62
709 57
710 57
711 21
712 72
713 21
714 8
715 21
716 72
717 21
718 72
719 21
720 72
721 40
722 59
723 59
724 59
725 59
726 59
727 40
728 59
729 59
730 40
731 74
732 69
733 19
734 69
735 19
736 69
737 19
738 74
739 19
740 74
741 75
742 25
743 75
744 25
745 75
746 75
747 28
748 75
749 75
750 25
751 76
752 76
753 76
754 76
755 25
756 76
757 76
758 74
759 74
760 58
761 38
762 26
763 26
764 38
765 38
766 38
767 26
768 18
769 38
770 26
771 51
772 51
773 51
774 16
775 16
776 16
777 16
778 16
779 16
780 16
781 70
782 45
783 45
784 45
785 45
786 79
787 45
788 61
789 70
790 45
791 80
792 64
793 64
794 80
795 80
796 80
797 64
798 80
799 64
800 64

