48 56 43 74 58 12 3 21 59 67 
28 37 4 33 55 30 52 64 7 32 8 15 
51 9 63 72 16 80 35 50 
10 13 76 25 5 2 40 42 
57 
70 
69 
54 
34 24 
22 23 38 79 49 29 20 41 46 18 78 
60 
47 
36 
6 
17 
31 
19 

1 13
2 25
3 57
4 19
5 51
6 13
7 57
8 76
9 48
10 76
11 19
12 76
13 70
14 70
15 10
16 70
17 57
18 19
19 76
20 19
21 47
22 67
23 59
24 67
25 47
26 47
27 3
28 57
29 47
30 6
31 24
32 6
33 28
34 28
35 36
36 69
37 31
38 24
39 69
40 36
41 17
42 19
43 70
44 10
45 19
46 19
47 13
48 57
49 19
50 70
51 6
52 60
53 36
54 36
55 47
56 47
57 6
58 6
59 17
60 6
61 36
62 7
63 64
64 55
65 28
66 32
67 28
68 33
69 52
70 28
71 36
72 6
73 36
74 24
75 69
76 15
77 24
78 24
79 24
80 36
81 25
82 9
83 19
84 57
85 76
86 5
87 51
88 9
89 9
90 57
91 19
92 60
93 17
94 70
95 57
96 70
97 70
98 17
99 57
100 6
101 72
102 50
103 35
104 63
105 13
106 57
107 51
108 19
109 35
110 80
111 43
112 6
113 24
114 67
115 57
116 59
117 24
118 67
119 57
120 67
121 70
122 70
123 70
124 6
125 70
126 17
127 70
128 70
129 70
130 70
131 23
132 78
133 29
134 29
135 54
136 31
137 78
138 54
139 79
140 16
141 36
142 24
143 24
144 15
145 36
146 34
147 24
148 36
149 69
150 24
151 19
152 31
153 31
154 54
155 80
156 54
157 31
158 19
159 80
160 54
161 17
162 60
163 17
164 17
165 6
166 70
167 60
168 60
169 6
170 60
171 23
172 31
173 19
174 79
175 60
176 31
177 54
178 78
179 69
180 54
181 17
182 6
183 70
184 70
185 17
186 17
187 6
188 57
189 70
190 19
191 80
192 79
193 69
194 46
195 20
196 54
197 80
198 23
199 31
200 29
201 43
202 57
203 6
204 6
205 47
206 47
207 21
208 47
209 59
210 24
211 54
212 54
213 31
214 69
215 31
216 17
217 60
218 31
219 31
220 70
221 69
222 79
223 31
224 31
225 69
226 69
227 28
228 69
229 31
230 78
231 60
232 60
233 60
234 6
235 6
236 60
237 60
238 60
239 36
240 17
241 57
242 19
243 70
244 19
245 19
246 57
247 70
248 19
249 10
250 19
251 69
252 22
253 69
254 69
255 69
256 31
257 69
258 69
259 28
260 69
261 47
262 47
263 42
264 6
265 67
266 43
267 76
268 67
269 47
270 43
271 28
272 69
273 28
274 60
275 69
276 31
277 36
278 36
279 69
280 60
281 54
282 49
283 31
284 80
285 31
286 80
287 54
288 54
289 38
290 31
291 24
292 28
293 24
294 24
295 24
296 36
297 30
298 4
299 24
300 69
301 19
302 54
303 60
304 17
305 60
306 17
307 60
308 70
309 31
310 17
311 52
312 30
313 69
314 30
315 34
316 69
317 64
318 33
319 15
320 24
321 36
322 60
323 36
324 60
325 36
326 24
327 24
328 55
329 69
330 24
331 6
332 36
333 36
334 36
335 60
336 6
337 24
338 6
339 6
340 34
341 70
342 60
343 70
344 10
345 70
346 70
347 54
348 54
349 54
350 54
351 6
352 60
353 6
354 6
355 60
356 69
357 36
358 6
359 6
360 6
361 36
362 36
363 69
364 36
365 69
366 60
367 69
368 69
369 36
370 6
371 69
372 31
373 69
374 69
375 54
376 54
377 54
378 31
379 69
380 54
381 23
382 69
383 29
384 22
385 18
386 69
387 41
388 79
389 23
390 54
391 57
392 70
393 40
394 42
395 47
396 42
397 76
398 57
399 25
400 6
401 79
402 69
403 22
404 54
405 54
406 31
407 54
408 31
409 79
410 16
411 76
412 47
413 47
414 57
415 57
416 19
417 70
418 19
419 57
420 19
421 6
422 19
423 17
424 57
425 47
426 47
427 47
428 47
429 6
430 43
431 36
432 15
433 24
434 34
435 24
436 47
437 34
438 15
439 24
440 24
441 34
442 24
443 36
444 24
445 36
446 28
447 36
448 24
449 36
450 36
451 54
452 23
453 46
454 54
455 69
456 46
457 29
458 31
459 18
460 38
461 17
462 47
463 6
464 57
465 6
466 6
467 17
468 6
469 17
470 6
471 47
472 57
473 57
474 47
475 70
476 13
477 57
478 57
479 42
480 19
481 54
482 31
483 19
484 31
485 49
486 54
487 54
488 78
489 70
490 31
491 31
492 57
493 70
494 70
495 70
496 19
497 70
498 19
499 19
500 19
501 17
502 35
503 10
504 19
505 70
506 10
507 10
508 35
509 19
510 13
511 36
512 36
513 55
514 34
515 34
516 69
517 8
518 28
519 36
520 36
521 3
522 58
523 43
524 3
525 43
526 67
527 67
528 21
529 12
530 59
531 17
532 19
533 31
534 54
535 19
536 69
537 54
538 60
539 54
540 31
541 69
542 36
543 36
544 36
545 24
546 60
547 36
548 28
549 36
550 36
551 17
552 70
553 19
554 17
555 17
556 42
557 57
558 47
559 57
560 10
561 17
562 17
563 19
564 70
565 17
566 17
567 17
568 17
569 17
570 6
571 43
572 67
573 67
574 67
575 67
576 57
577 74
578 47
579 58
580 67
581 47
582 60
583 6
584 47
585 70
586 24
587 24
588 6
589 17
590 17
591 17
592 69
593 36
594 60
595 69
596 60
597 31
598 19
599 60
600 60
601 80
602 70
603 49
604 31
605 31
606 35
607 31
608 50
609 54
610 54
611 56
612 47
613 47
614 40
615 47
616 42
617 57
618 47
619 42
620 76
621 51
622 19
623 19
624 35
625 57
626 13
627 19
628 35
629 57
630 70
631 37
632 28
633 24
634 30
635 64
636 55
637 55
638 24
639 24
640 37
641 60
642 28
643 36
644 28
645 36
646 36
647 37
648 55
649 36
650 36
651 69
652 60
653 23
654 28
655 36
656 69
657 69
658 28
659 36
660 28
661 17
662 6
663 67
664 6
665 17
666 6
667 6
668 17
669 17
670 6
671 57
672 51
673 19
674 76
675 13
676 51
677 10
678 51
679 9
680 13
681 17
682 60
683 60
684 60
685 69
686 69
687 31
688 17
689 31
690 17
691 17
692 57
693 19
694 17
695 70
696 60
697 60
698 60
699 60
700 70
701 29
702 23
703 23
704 41
705 54
706 54
707 54
708 38
709 41
710 60
711 49
712 51
713 80
714 31
715 80
716 70
717 19
718 57
719 50
720 63
721 57
722 72
723 63
724 31
725 80
726 80
727 63
728 70
729 76
730 51
731 19
732 47
733 6
734 6
735 43
736 67
737 57
738 43
739 47
740 24
741 24
742 15
743 6
744 57
745 6
746 47
747 24
748 47
749 3
750 24
751 17
752 17
753 19
754 17
755 17
756 19
757 19
758 13
759 70
760 13
761 40
762 70
763 10
764 47
765 40
766 2
767 57
768 13
769 2
770 17
771 54
772 31
773 31
774 31
775 60
776 60
777 60
778 31
779 54
780 69
781 69
782 31
783 31
784 54
785 60
786 22
787 54
788 54
789 31
790 31
791 31
792 31
793 19
794 60
795 19
796 17
797 70
798 70
799 60
800 60

