42 
52 
21 
58 
44 40 
51 20 
66 
9 15 28 67 
22 
55 25 33 
70 45 7 
26 
38 43 5 73 
59 32 11 
23 
37 57 64 
77 29 61 
63 
62 65 46 
74 68 16 
78 50 34 56 
18 76 
60 54 79 
80 47 
6 
2 
71 
31 30 1 
35 10 
14 
27 36 48 13 39 
41 72 8 
69 4 
3 

1 31
2 31
3 22
4 31
5 1
6 31
7 31
8 1
9 1
10 78
11 2
12 45
13 45
14 70
15 58
16 2
17 70
18 45
19 2
20 45
21 3
22 3
23 4
24 3
25 3
26 4
27 4
28 6
29 3
30 3
31 3
32 3
33 3
34 4
35 3
36 4
37 4
38 3
39 3
40 3
41 45
42 70
43 5
44 2
45 2
46 2
47 70
48 70
49 45
50 2
51 6
52 6
53 6
54 6
55 6
56 42
57 6
58 6
59 21
60 6
61 58
62 21
63 21
64 21
65 58
66 21
67 21
68 21
69 7
70 7
71 10
72 80
73 51
74 51
75 35
76 80
77 26
78 51
79 8
80 80
81 22
82 5
83 22
84 5
85 5
86 2
87 45
88 22
89 22
90 5
91 42
92 80
93 80
94 51
95 80
96 63
97 63
98 63
99 10
100 80
101 71
102 14
103 11
104 11
105 11
106 71
107 11
108 11
109 71
110 11
111 67
112 73
113 23
114 23
115 23
116 23
117 2
118 23
119 2
120 23
121 69
122 3
123 3
124 4
125 69
126 4
127 3
128 3
129 13
130 3
131 14
132 14
133 14
134 14
135 14
136 14
137 14
138 14
139 14
140 14
141 15
142 28
143 15
144 15
145 15
146 15
147 15
148 15
149 15
150 15
151 37
152 16
153 37
154 16
155 16
156 37
157 37
158 16
159 37
160 16
161 65
162 65
163 62
164 62
165 62
166 62
167 65
168 13
169 65
170 62
171 76
172 76
173 18
174 76
175 76
176 66
177 76
178 76
179 76
180 76
181 77
182 66
183 77
184 66
185 66
186 23
187 66
188 66
189 66
190 66
191 42
192 42
193 52
194 42
195 20
196 42
197 52
198 20
199 42
200 63
201 6
202 21
203 21
204 21
205 21
206 21
207 21
208 21
209 21
210 21
211 2
212 22
213 22
214 22
215 22
216 22
217 22
218 22
219 22
220 22
221 77
222 23
223 5
224 5
225 23
226 23
227 77
228 2
229 77
230 5
231 76
232 76
233 76
234 76
235 76
236 66
237 76
238 18
239 66
240 76
241 25
242 25
243 55
244 27
245 25
246 33
247 33
248 33
249 25
250 25
251 10
252 51
253 63
254 26
255 63
256 35
257 26
258 26
259 41
260 42
261 35
262 35
263 8
264 10
265 51
266 35
267 51
268 35
269 8
270 35
271 9
272 5
273 28
274 5
275 67
276 67
277 67
278 9
279 9
280 28
281 77
282 2
283 5
284 2
285 23
286 77
287 29
288 77
289 73
290 77
291 1
292 22
293 1
294 30
295 22
296 22
297 22
298 30
299 31
300 31
301 22
302 31
303 22
304 22
305 22
306 22
307 44
308 44
309 22
310 22
311 71
312 11
313 32
314 11
315 14
316 11
317 11
318 71
319 32
320 71
321 33
322 79
323 79
324 60
325 33
326 79
327 79
328 33
329 60
330 33
331 31
332 34
333 64
334 78
335 78
336 64
337 1
338 64
339 64
340 78
341 10
342 35
343 51
344 80
345 26
346 80
347 10
348 51
349 63
350 26
351 8
352 36
353 8
354 36
355 47
356 8
357 36
358 36
359 72
360 36
361 74
362 74
363 74
364 37
365 74
366 74
367 37
368 37
369 37
370 74
371 66
372 38
373 66
374 23
375 66
376 61
377 66
378 66
379 23
380 66
381 3
382 26
383 26
384 26
385 3
386 39
387 26
388 26
389 4
390 26
391 44
392 44
393 44
394 44
395 44
396 44
397 44
398 59
399 40
400 40
401 26
402 41
403 10
404 26
405 26
406 26
407 51
408 51
409 8
410 26
411 6
412 6
413 6
414 6
415 6
416 42
417 42
418 42
419 42
420 6
421 61
422 66
423 43
424 29
425 43
426 38
427 43
428 43
429 43
430 43
431 7
432 58
433 59
434 59
435 44
436 59
437 44
438 58
439 44
440 58
441 58
442 21
443 45
444 45
445 58
446 58
447 58
448 58
449 58
450 58
451 62
452 69
453 13
454 69
455 69
456 76
457 46
458 13
459 13
460 65
461 47
462 80
463 35
464 47
465 47
466 8
467 35
468 80
469 35
470 10
471 48
472 41
473 26
474 4
475 3
476 39
477 39
478 26
479 41
480 39
481 51
482 51
483 20
484 51
485 10
486 51
487 80
488 63
489 51
490 80
491 64
492 50
493 64
494 64
495 56
496 78
497 78
498 50
499 78
500 40
501 63
502 63
503 63
504 42
505 52
506 51
507 63
508 80
509 52
510 51
511 42
512 21
513 6
514 52
515 42
516 6
517 42
518 52
519 21
520 6
521 47
522 60
523 54
524 54
525 54
526 60
527 54
528 54
529 60
530 60
531 54
532 14
533 14
534 14
535 8
536 60
537 54
538 54
539 54
540 54
541 8
542 8
543 35
544 47
545 8
546 60
547 8
548 55
549 35
550 47
551 78
552 64
553 78
554 1
555 1
556 1
557 78
558 78
559 1
560 31
561 37
562 16
563 16
564 16
565 57
566 37
567 37
568 37
569 37
570 37
571 58
572 58
573 21
574 21
575 21
576 21
577 58
578 58
579 58
580 58
581 59
582 7
583 52
584 59
585 59
586 52
587 59
588 59
589 59
590 59
591 14
592 14
593 14
594 14
595 14
596 14
597 14
598 14
599 14
600 60
601 23
602 23
603 77
604 77
605 2
606 23
607 23
608 77
609 23
610 77
611 69
612 4
613 13
614 13
615 13
616 62
617 62
618 69
619 62
620 62
621 42
622 63
623 42
624 63
625 6
626 6
627 63
628 42
629 6
630 6
631 44
632 40
633 78
634 78
635 78
636 40
637 78
638 64
639 40
640 78
641 65
642 62
643 65
644 13
645 62
646 69
647 62
648 65
649 13
650 62
651 23
652 77
653 66
654 66
655 66
656 29
657 23
658 66
659 66
660 23
661 77
662 5
663 23
664 67
665 5
666 23
667 5
668 23
669 9
670 23
671 68
672 68
673 68
674 71
675 68
676 74
677 74
678 74
679 71
680 68
681 4
682 3
683 4
684 4
685 39
686 69
687 3
688 69
689 3
690 3
691 58
692 58
693 58
694 21
695 58
696 6
697 45
698 58
699 58
700 21
701 71
702 71
703 71
704 74
705 71
706 71
707 71
708 71
709 71
710 71
711 41
712 26
713 8
714 35
715 26
716 26
717 26
718 26
719 41
720 26
721 2
722 2
723 2
724 2
725 70
726 2
727 70
728 6
729 45
730 2
731 71
732 71
733 71
734 71
735 74
736 71
737 71
738 74
739 71
740 71
741 25
742 25
743 25
744 25
745 25
746 25
747 25
748 36
749 25
750 25
751 76
752 76
753 66
754 76
755 76
756 62
757 76
758 76
759 4
760 66
761 77
762 70
763 2
764 77
765 2
766 2
767 5
768 2
769 70
770 77
771 40
772 44
773 78
774 44
775 78
776 44
777 78
778 78
779 44
780 78
781 47
782 60
783 35
784 8
785 14
786 8
787 60
788 35
789 8
790 47
791 63
792 52
793 42
794 42
795 52
796 42
797 52
798 52
799 52
800 42

