80 
65 
64 
12 
58 35 29 34 36 2 54 33 23 69 28 14 79 
47 
16 
55 

1 80
2 47
3 16
4 55
5 64
6 64
7 65
8 64
9 65
10 47
11 64
12 16
13 16
14 65
15 64
16 64
17 80
18 12
19 58
20 47
21 47
22 55
23 65
24 55
25 47
26 16
27 65
28 65
29 47
30 64
31 64
32 47
33 12
34 80
35 80
36 16
37 16
38 64
39 33
40 80
41 80
42 80
43 64
44 28
45 80
46 35
47 12
48 79
49 64
50 64
51 28
52 64
53 65
54 80
55 80
56 55
57 16
58 80
59 12
60 47
61 65
62 47
63 65
64 65
65 55
66 47
67 47
68 12
69 64
70 16
71 65
72 65
73 55
74 64
75 16
76 65
77 47
78 12
79 12
80 65
81 47
82 47
83 55
84 16
85 80
86 65
87 64
88 55
89 12
90 16
91 12
92 12
93 65
94 16
95 80
96 55
97 16
98 80
99 55
100 64
101 80
102 34
103 34
104 65
105 64
106 65
107 28
108 47
109 58
110 47
111 55
112 16
113 64
114 16
115 12
116 2
117 16
118 47
119 65
120 36
121 55
122 65
123 65
124 64
125 55
126 12
127 12
128 64
129 16
130 64
131 28
132 80
133 64
134 64
135 55
136 65
137 80
138 47
139 64
140 65
141 12
142 12
143 80
144 47
145 47
146 16
147 28
148 64
149 47
150 55
151 65
152 65
153 55
154 12
155 58
156 65
157 55
158 65
159 16
160 23
161 16
162 55
163 65
164 65
165 47
166 58
167 23
168 12
169 64
170 80
171 28
172 64
173 12
174 12
175 55
176 64
177 16
178 65
179 12
180 80
181 65
182 65
183 80
184 65
185 80
186 64
187 28
188 55
189 58
190 64
191 47
192 64
193 55
194 79
195 47
196 47
197 16
198 64
199 16
200 12
201 65
202 65
203 80
204 80
205 28
206 47
207 28
208 47
209 16
210 47
211 69
212 16
213 55
214 47
215 55
216 12
217 80
218 28
219 65
220 55
221 12
222 47
223 47
224 80
225 47
226 16
227 65
228 80
229 64
230 12
231 12
232 55
233 16
234 55
235 55
236 12
237 28
238 79
239 80
240 64
241 47
242 12
243 80
244 47
245 55
246 64
247 64
248 16
249 80
250 65
251 28
252 80
253 64
254 12
255 55
256 55
257 80
258 12
259 65
260 16
261 16
262 47
263 80
264 65
265 12
266 80
267 55
268 12
269 16
270 16
271 65
272 12
273 23
274 80
275 55
276 55
277 47
278 16
279 16
280 47
281 47
282 12
283 65
284 80
285 65
286 55
287 12
288 16
289 80
290 16
291 12
292 47
293 55
294 28
295 55
296 16
297 12
298 16
299 64
300 47
301 12
302 16
303 55
304 55
305 58
306 55
307 80
308 47
309 47
310 55
311 55
312 58
313 65
314 64
315 80
316 47
317 64
318 16
319 47
320 47
321 16
322 12
323 55
324 12
325 64
326 80
327 12
328 55
329 16
330 16
331 79
332 80
333 64
334 16
335 80
336 12
337 12
338 58
339 80
340 80
341 23
342 64
343 12
344 64
345 55
346 55
347 23
348 12
349 47
350 64
351 12
352 65
353 79
354 79
355 47
356 65
357 16
358 80
359 64
360 14
361 12
362 65
363 80
364 55
365 28
366 80
367 65
368 28
369 29
370 16
371 55
372 64
373 55
374 16
375 47
376 54
377 23
378 55
379 28
380 55
381 80
382 64
383 16
384 16
385 80
386 79
387 80
388 28
389 12
390 47
391 16
392 28
393 12
394 64
395 79
396 12
397 65
398 65
399 47
400 12

