80 51 
79 
78 
77 
76 
70 
69 
67 
65 
64 
60 
53 
54 
45 
61 
12 2 
31 
43 
19 
42 
6 
40 
18 
15 
62 44 50 
3 
72 32 58 
14 
23 
11 
22 
1 
9 

1 15
2 15
3 60
4 69
5 69
6 1
7 53
8 6
9 19
10 6
11 19
12 2
13 54
14 42
15 77
16 77
17 77
18 45
19 78
20 42
21 3
22 1
23 40
24 1
25 3
26 69
27 50
28 53
29 53
30 40
31 69
32 43
33 65
34 53
35 3
36 65
37 1
38 65
39 53
40 53
41 78
42 58
43 45
44 31
45 31
46 19
47 19
48 78
49 78
50 45
51 23
52 1
53 3
54 23
55 6
56 23
57 19
58 1
59 23
60 53
61 64
62 51
63 51
64 51
65 67
66 67
67 67
68 11
69 22
70 18
71 3
72 3
73 44
74 3
75 40
76 3
77 3
78 40
79 3
80 3
81 70
82 14
83 18
84 79
85 15
86 79
87 9
88 43
89 15
90 9
91 65
92 80
93 80
94 11
95 22
96 18
97 9
98 64
99 18
100 64
101 11
102 70
103 70
104 11
105 70
106 67
107 11
108 76
109 76
110 11
111 6
112 54
113 54
114 77
115 77
116 12
117 77
118 6
119 23
120 54
121 77
122 19
123 42
124 54
125 54
126 54
127 42
128 77
129 19
130 6
131 76
132 76
133 15
134 19
135 14
136 60
137 1
138 15
139 79
140 79
141 14
142 14
143 42
144 15
145 19
146 19
147 14
148 14
149 78
150 23
151 9
152 18
153 18
154 64
155 18
156 18
157 22
158 80
159 22
160 65
161 40
162 65
163 69
164 40
165 53
166 44
167 53
168 3
169 40
170 40
171 70
172 43
173 67
174 67
175 67
176 79
177 70
178 70
179 22
180 79
181 14
182 76
183 78
184 79
185 9
186 67
187 78
188 14
189 14
190 60
191 1
192 6
193 6
194 1
195 12
196 6
197 42
198 1
199 3
200 23
201 67
202 77
203 78
204 14
205 60
206 15
207 45
208 42
209 60
210 14
211 76
212 79
213 11
214 78
215 70
216 11
217 76
218 76
219 9
220 79
221 60
222 15
223 15
224 15
225 15
226 6
227 14
228 23
229 15
230 14
231 15
232 15
233 42
234 42
235 70
236 45
237 77
238 45
239 60
240 76
241 53
242 3
243 23
244 43
245 3
246 40
247 53
248 53
249 65
250 19
251 42
252 45
253 61
254 61
255 31
256 61
257 58
258 31
259 76
260 61
261 1
262 1
263 6
264 12
265 12
266 6
267 12
268 60
269 15
270 23
271 69
272 6
273 69
274 50
275 6
276 1
277 3
278 6
279 6
280 69
281 67
282 67
283 22
284 67
285 78
286 76
287 31
288 51
289 67
290 11
291 67
292 51
293 64
294 31
295 22
296 67
297 67
298 79
299 70
300 58
301 70
302 78
303 78
304 61
305 31
306 31
307 15
308 76
309 61
310 58
311 32
312 58
313 31
314 58
315 58
316 32
317 58
318 58
319 58
320 58
321 51
322 64
323 64
324 22
325 9
326 67
327 11
328 70
329 22
330 9
331 23
332 54
333 12
334 54
335 12
336 12
337 54
338 42
339 54
340 54
341 42
342 60
343 60
344 45
345 77
346 77
347 77
348 77
349 60
350 77
351 31
352 31
353 58
354 31
355 31
356 31
357 58
358 61
359 58
360 58
361 64
362 76
363 70
364 64
365 67
366 18
367 43
368 67
369 18
370 22
371 22
372 18
373 43
374 64
375 18
376 67
377 9
378 80
379 9
380 18
381 18
382 79
383 65
384 43
385 43
386 79
387 79
388 18
389 43
390 18
391 65
392 40
393 65
394 65
395 53
396 65
397 40
398 62
399 53
400 53
401 78
402 45
403 61
404 42
405 23
406 60
407 42
408 14
409 61
410 42
411 19
412 14
413 19
414 42
415 23
416 60
417 15
418 23
419 15
420 23
421 23
422 14
423 65
424 18
425 43
426 9
427 11
428 9
429 43
430 9
431 53
432 3
433 3
434 40
435 3
436 40
437 69
438 40
439 40
440 40
441 14
442 67
443 78
444 76
445 45
446 19
447 70
448 60
449 60
450 19
451 78
452 31
453 45
454 61
455 31
456 22
457 61
458 31
459 61
460 31
461 9
462 18
463 11
464 22
465 18
466 64
467 11
468 64
469 80
470 11
471 19
472 3
473 54
474 6
475 69
476 50
477 69
478 23
479 1
480 3
481 64
482 64
483 22
484 80
485 22
486 18
487 64
488 64
489 11
490 64
491 40
492 69
493 3
494 50
495 40
496 69
497 40
498 3
499 3
500 50
501 9
502 64
503 64
504 64
505 11
506 11
507 22
508 80
509 9
510 51
511 45
512 45
513 45
514 70
515 15
516 77
517 42
518 60
519 60
520 45
521 43
522 43
523 14
524 53
525 53
526 40
527 40
528 43
529 43
530 43
531 6
532 19
533 15
534 53
535 54
536 23
537 1
538 54
539 6
540 60
541 54
542 12
543 12
544 12
545 54
546 12
547 77
548 77
549 1
550 54
551 40
552 65
553 69
554 40
555 65
556 53
557 40
558 40
559 3
560 65
561 76
562 9
563 9
564 79
565 67
566 43
567 76
568 65
569 43
570 9
571 58
572 58
573 58
574 31
575 31
576 58
577 31
578 45
579 22
580 58
581 54
582 6
583 23
584 6
585 12
586 6
587 54
588 54
589 6
590 6
591 70
592 15
593 45
594 70
595 23
596 19
597 78
598 15
599 78
600 42
601 70
602 61
603 45
604 77
605 60
606 78
607 61
608 22
609 19
610 60
611 65
612 62
613 62
614 62
615 65
616 62
617 62
618 43
619 65
620 65
621 61
622 22
623 61
624 61
625 61
626 61
627 45
628 61
629 72
630 61
631 18
632 64
633 22
634 9
635 67
636 22
637 18
638 64
639 64
640 22
641 11
642 65
643 11
644 65
645 11
646 11
647 43
648 79
649 22
650 9
651 45
652 54
653 78
654 77
655 19
656 42
657 45
658 14
659 19
660 42
661 22
662 76
663 79
664 70
665 22
666 67
667 9
668 79
669 11
670 67
671 61
672 78
673 76
674 78
675 60
676 45
677 31
678 78
679 61
680 78
681 53
682 1
683 53
684 23
685 1
686 69
687 53
688 1
689 53
690 1
691 14
692 11
693 14
694 14
695 76
696 70
697 19
698 19
699 76
700 1
701 43
702 65
703 79
704 43
705 62
706 79
707 65
708 43
709 79
710 43
711 2
712 58
713 60
714 77
715 61
716 76
717 31
718 58
719 31
720 31
721 77
722 77
723 77
724 23
725 54
726 54
727 60
728 77
729 23
730 42
731 69
732 1
733 69
734 50
735 6
736 53
737 69
738 69
739 1
740 1
741 69
742 1
743 69
744 50
745 54
746 43
747 69
748 69
749 69
750 69
751 70
752 14
753 79
754 70
755 70
756 15
757 79
758 11
759 14
760 79
761 60
762 45
763 42
764 42
765 45
766 23
767 42
768 60
769 45
770 42
771 23
772 61
773 78
774 76
775 14
776 76
777 76
778 78
779 19
780 79
781 9
782 70
783 70
784 9
785 79
786 76
787 15
788 9
789 11
790 19
791 64
792 18
793 80
794 80
795 18
796 80
797 80
798 80
799 18
800 64

