48 36 
30 15 28 
50 
20 32 33 75 8 
57 16 68 59 
43 18 17 4 
1 
2 
3 
5 
6 
14 
21 
22 
23 
25 
26 
35 
37 
44 
47 
51 
52 
54 
58 
62 
63 
66 
69 
71 
76 
77 
78

1 1
2 1
3 22
4 1
5 1
6 1
7 1
8 1
9 1
10 78
11 5
12 2
13 2
14 2
15 58
16 5
17 2
18 2
19 5
20 5
21 3
22 3
23 4
24 3
25 3
26 69
27 4
28 6
29 3
30 3
31 3
32 3
33 3
34 69
35 3
36 69
37 69
38 3
39 3
40 3
41 2
42 2
43 77
44 2
45 2
46 2
47 2
48 2
49 2
50 5
51 6
52 6
53 6
54 6
55 6
56 63
57 6
58 6
59 21
60 6
61 58
62 21
63 21
64 21
65 58
66 21
67 21
68 21
69 44
70 44
71 26
72 51
73 35
74 35
75 35
76 51
77 36
78 35
79 47
80 51
81 22
82 5
83 22
84 22
85 22
86 5
87 5
88 22
89 22
90 5
91 63
92 51
93 51
94 35
95 51
96 63
97 63
98 63
99 26
100 51
101 71
102 14
103 32
104 32
105 32
106 71
107 32
108 32
109 71
110 32
111 43
112 77
113 23
114 23
115 23
116 23
117 5
118 23
119 5
120 23
121 69
122 3
123 3
124 69
125 69
126 69
127 3
128 3
129 62
130 3
131 14
132 14
133 14
134 14
135 14
136 14
137 14
138 14
139 14
140 14
141 15
142 15
143 15
144 15
145 15
146 15
147 15
148 15
149 15
150 15
151 37
152 16
153 37
154 16
155 16
156 37
157 16
158 16
159 37
160 16
161 17
162 17
163 62
164 62
165 62
166 62
167 17
168 62
169 17
170 62
171 76
172 76
173 18
174 76
175 76
176 76
177 76
178 76
179 76
180 76
181 77
182 66
183 77
184 66
185 66
186 23
187 66
188 66
189 66
190 66
191 63
192 52
193 52
194 52
195 20
196 52
197 52
198 51
199 52
200 63
201 6
202 21
203 21
204 21
205 21
206 21
207 21
208 21
209 21
210 21
211 5
212 22
213 22
214 22
215 22
216 22
217 22
218 22
219 22
220 22
221 77
222 23
223 23
224 77
225 23
226 23
227 77
228 2
229 77
230 5
231 76
232 76
233 76
234 76
235 76
236 76
237 76
238 18
239 66
240 76
241 25
242 25
243 25
244 25
245 25
246 25
247 25
248 25
249 25
250 25
251 26
252 35
253 63
254 26
255 63
256 36
257 26
258 26
259 48
260 63
261 36
262 35
263 47
264 35
265 51
266 35
267 35
268 47
269 47
270 35
271 28
272 5
273 28
274 77
275 28
276 28
277 28
278 28
279 28
280 15
281 77
282 5
283 77
284 2
285 23
286 77
287 43
288 77
289 5
290 77
291 1
292 22
293 1
294 30
295 22
296 1
297 30
298 30
299 1
300 1
301 22
302 1
303 22
304 22
305 22
306 1
307 44
308 44
309 22
310 1
311 71
312 32
313 32
314 32
315 14
316 32
317 32
318 71
319 32
320 71
321 25
322 33
323 54
324 54
325 25
326 54
327 54
328 33
329 54
330 25
331 78
332 50
333 50
334 78
335 78
336 50
337 1
338 50
339 50
340 78
341 26
342 35
343 51
344 51
345 26
346 51
347 35
348 35
349 63
350 26
351 47
352 36
353 47
354 25
355 47
356 47
357 25
358 25
359 36
360 36
361 37
362 37
363 37
364 37
365 37
366 37
367 37
368 37
369 37
370 37
371 66
372 43
373 76
374 66
375 66
376 66
377 66
378 66
379 23
380 66
381 3
382 26
383 48
384 48
385 3
386 69
387 48
388 48
389 69
390 48
391 44
392 44
393 44
394 44
395 44
396 44
397 44
398 44
399 37
400 37
401 26
402 36
403 26
404 26
405 26
406 26
407 35
408 26
409 36
410 8
411 6
412 6
413 6
414 6
415 6
416 63
417 52
418 52
419 52
420 6
421 43
422 66
423 43
424 43
425 43
426 43
427 43
428 43
429 43
430 43
431 44
432 58
433 44
434 44
435 44
436 44
437 44
438 58
439 44
440 58
441 58
442 21
443 22
444 22
445 58
446 58
447 58
448 58
449 58
450 58
451 62
452 69
453 62
454 69
455 69
456 76
457 17
458 62
459 62
460 17
461 54
462 51
463 35
464 47
465 47
466 47
467 35
468 51
469 35
470 35
471 48
472 48
473 26
474 69
475 3
476 48
477 48
478 26
479 48
480 48
481 35
482 51
483 51
484 35
485 26
486 51
487 51
488 63
489 51
490 51
491 50
492 50
493 50
494 50
495 50
496 78
497 78
498 50
499 50
500 78
501 63
502 63
503 63
504 52
505 52
506 51
507 63
508 51
509 63
510 51
511 52
512 21
513 6
514 52
515 52
516 6
517 52
518 52
519 21
520 6
521 47
522 54
523 54
524 54
525 54
526 54
527 54
528 54
529 54
530 54
531 54
532 14
533 14
534 14
535 47
536 54
537 54
538 54
539 54
540 54
541 47
542 47
543 35
544 47
545 47
546 54
547 47
548 33
549 35
550 47
551 78
552 50
553 78
554 1
555 1
556 1
557 78
558 78
559 1
560 1
561 37
562 16
563 16
564 16
565 57
566 37
567 37
568 37
569 37
570 16
571 58
572 58
573 21
574 21
575 21
576 21
577 58
578 58
579 58
580 58
581 71
582 59
583 52
584 59
585 59
586 52
587 59
588 59
589 44
590 71
591 14
592 14
593 14
594 14
595 14
596 14
597 14
598 14
599 14
600 54
601 23
602 23
603 77
604 77
605 2
606 23
607 23
608 77
609 23
610 77
611 69
612 69
613 62
614 62
615 62
616 62
617 62
618 69
619 62
620 62
621 52
622 63
623 52
624 63
625 6
626 6
627 63
628 52
629 6
630 6
631 44
632 78
633 78
634 78
635 78
636 78
637 78
638 50
639 78
640 78
641 17
642 62
643 17
644 62
645 62
646 69
647 62
648 17
649 62
650 62
651 66
652 77
653 66
654 66
655 66
656 66
657 23
658 66
659 66
660 23
661 77
662 5
663 23
664 28
665 77
666 23
667 5
668 23
669 23
670 23
671 16
672 16
673 16
674 71
675 16
676 37
677 68
678 37
679 68
680 68
681 69
682 3
683 69
684 69
685 69
686 69
687 3
688 69
689 3
690 3
691 58
692 58
693 58
694 21
695 58
696 6
697 2
698 58
699 58
700 21
701 71
702 32
703 71
704 37
705 71
706 71
707 71
708 71
709 71
710 71
711 48
712 26
713 36
714 35
715 26
716 26
717 26
718 26
719 36
720 26
721 2
722 2
723 5
724 5
725 2
726 2
727 2
728 6
729 2
730 2
731 71
732 71
733 71
734 71
735 37
736 71
737 71
738 16
739 71
740 71
741 25
742 25
743 25
744 25
745 25
746 25
747 25
748 25
749 75
750 25
751 76
752 76
753 66
754 76
755 76
756 62
757 76
758 76
759 69
760 66
761 77
762 5
763 77
764 77
765 5
766 5
767 5
768 5
769 2
770 77
771 78
772 44
773 78
774 44
775 78
776 44
777 78
778 78
779 44
780 1
781 47
782 54
783 35
784 47
785 14
786 47
787 54
788 47
789 47
790 47
791 63
792 51
793 63
794 52
795 52
796 63
797 51
798 63
799 52
800 52

