77 9 72 49 20 46 
75 58 
74 
7 32 15 
6 
17 
19 
31 
34 
36 
41 
47 
51 
60 
69 
70 
80

1 51
2 77
3 51
4 19
5 51
6 77
7 51
8 77
9 77
10 77
11 19
12 74
13 70
14 70
15 51
16 70
17 51
18 19
19 51
20 19
21 47
22 74
23 74
24 74
25 47
26 47
27 75
28 47
29 74
30 6
31 34
32 6
33 32
34 32
35 36
36 69
37 31
38 34
39 69
40 36
41 17
42 19
43 70
44 51
45 19
46 19
47 51
48 51
49 19
50 70
51 6
52 60
53 36
54 36
55 47
56 47
57 6
58 6
59 17
60 6
61 36
62 7
63 32
64 32
65 32
66 32
67 32
68 32
69 32
70 32
71 36
72 6
73 36
74 34
75 69
76 75
77 34
78 34
79 34
80 36
81 77
82 9
83 19
84 51
85 77
86 9
87 51
88 9
89 9
90 47
91 19
92 60
93 17
94 70
95 47
96 70
97 70
98 17
99 51
100 6
101 72
102 51
103 51
104 72
105 51
106 80
107 51
108 19
109 72
110 80
111 74
112 6
113 34
114 74
115 47
116 74
117 34
118 34
119 47
120 74
121 70
122 70
123 70
124 6
125 70
126 17
127 70
128 70
129 70
130 70
131 46
132 41
133 41
134 41
135 41
136 31
137 41
138 41
139 41
140 41
141 36
142 34
143 34
144 15
145 36
146 34
147 34
148 36
149 69
150 34
151 19
152 31
153 31
154 80
155 80
156 41
157 31
158 19
159 80
160 80
161 17
162 60
163 17
164 17
165 6
166 70
167 60
168 60
169 6
170 60
171 41
172 31
173 19
174 41
175 60
176 31
177 80
178 41
179 69
180 41
181 17
182 6
183 70
184 70
185 17
186 17
187 6
188 47
189 70
190 19
191 80
192 41
193 69
194 46
195 20
196 80
197 80
198 41
199 31
200 41
201 74
202 47
203 6
204 6
205 47
206 47
207 74
208 47
209 74
210 34
211 80
212 80
213 31
214 69
215 31
216 17
217 60
218 31
219 31
220 70
221 69
222 41
223 31
224 31
225 69
226 69
227 46
228 69
229 31
230 41
231 60
232 60
233 60
234 6
235 6
236 60
237 60
238 60
239 36
240 17
241 47
242 19
243 70
244 19
245 19
246 51
247 70
248 19
249 51
250 19
251 69
252 46
253 69
254 69
255 69
256 31
257 69
258 69
259 32
260 69
261 47
262 47
263 74
264 6
265 74
266 74
267 74
268 74
269 47
270 74
271 32
272 69
273 46
274 60
275 69
276 31
277 36
278 36
279 69
280 60
281 80
282 41
283 31
284 80
285 31
286 80
287 80
288 80
289 41
290 31
291 34
292 32
293 34
294 34
295 34
296 36
297 32
298 32
299 34
300 69
301 19
302 80
303 60
304 17
305 60
306 17
307 60
308 70
309 31
310 17
311 32
312 32
313 69
314 32
315 34
316 69
317 32
318 32
319 32
320 34
321 36
322 60
323 36
324 60
325 36
326 34
327 34
328 32
329 69
330 34
331 6
332 36
333 36
334 36
335 60
336 6
337 34
338 6
339 6
340 34
341 70
342 60
343 70
344 51
345 70
346 70
347 80
348 80
349 80
350 80
351 6
352 60
353 6
354 6
355 60
356 69
357 36
358 6
359 6
360 6
361 36
362 36
363 69
364 36
365 69
366 60
367 69
368 69
369 36
370 6
371 69
372 31
373 69
374 69
375 80
376 80
377 80
378 31
379 69
380 80
381 41
382 69
383 41
384 41
385 41
386 69
387 41
388 41
389 41
390 41
391 47
392 70
393 77
394 74
395 74
396 77
397 77
398 47
399 77
400 6
401 41
402 69
403 41
404 80
405 80
406 31
407 41
408 31
409 41
410 41
411 77
412 74
413 74
414 47
415 51
416 19
417 70
418 19
419 47
420 19
421 6
422 19
423 17
424 47
425 47
426 74
427 47
428 47
429 6
430 74
431 36
432 75
433 34
434 34
435 34
436 34
437 34
438 75
439 34
440 34
441 34
442 34
443 36
444 34
445 36
446 32
447 36
448 34
449 36
450 36
451 41
452 41
453 46
454 41
455 69
456 46
457 41
458 31
459 41
460 41
461 17
462 47
463 6
464 47
465 6
466 6
467 17
468 6
469 17
470 6
471 47
472 47
473 47
474 47
475 70
476 77
477 47
478 47
479 74
480 19
481 80
482 31
483 19
484 31
485 72
486 80
487 80
488 41
489 70
490 31
491 31
492 80
493 70
494 70
495 70
496 19
497 70
498 19
499 19
500 19
501 17
502 51
503 51
504 19
505 70
506 51
507 51
508 51
509 19
510 51
511 36
512 36
513 32
514 32
515 34
516 69
517 32
518 32
519 36
520 36
521 58
522 58
523 74
524 75
525 74
526 74
527 74
528 75
529 58
530 74
531 17
532 19
533 31
534 41
535 19
536 69
537 80
538 60
539 80
540 31
541 69
542 36
543 36
544 36
545 34
546 60
547 36
548 32
549 36
550 36
551 17
552 70
553 19
554 17
555 17
556 74
557 47
558 47
559 47
560 51
561 17
562 17
563 19
564 70
565 17
566 17
567 17
568 17
569 17
570 6
571 74
572 74
573 74
574 74
575 74
576 47
577 74
578 47
579 58
580 74
581 47
582 60
583 6
584 34
585 70
586 34
587 34
588 6
589 17
590 17
591 17
592 69
593 36
594 60
595 69
596 60
597 31
598 19
599 60
600 60
601 80
602 70
603 49
604 31
605 31
606 72
607 31
608 72
609 80
610 80
611 74
612 74
613 74
614 77
615 47
616 77
617 47
618 47
619 74
620 74
621 51
622 19
623 19
624 72
625 51
626 51
627 19
628 72
629 51
630 70
631 32
632 32
633 34
634 32
635 32
636 32
637 32
638 34
639 34
640 32
641 60
642 32
643 36
644 32
645 36
646 36
647 32
648 32
649 36
650 36
651 69
652 60
653 41
654 32
655 36
656 69
657 69
658 32
659 36
660 32
661 17
662 6
663 74
664 6
665 17
666 6
667 6
668 17
669 17
670 6
671 51
672 51
673 19
674 51
675 51
676 51
677 51
678 51
679 9
680 51
681 17
682 60
683 60
684 60
685 69
686 69
687 31
688 17
689 31
690 17
691 17
692 51
693 19
694 17
695 70
696 60
697 60
698 60
699 60
700 70
701 41
702 41
703 41
704 41
705 80
706 80
707 41
708 41
709 41
710 60
711 72
712 51
713 80
714 31
715 80
716 70
717 19
718 80
719 51
720 72
721 80
722 72
723 72
724 31
725 80
726 80
727 72
728 70
729 51
730 51
731 19
732 47
733 6
734 6
735 74
736 74
737 47
738 74
739 47
740 34
741 34
742 75
743 6
744 47
745 6
746 47
747 34
748 47
749 75
750 34
751 17
752 17
753 19
754 17
755 17
756 19
757 19
758 51
759 70
760 51
761 77
762 70
763 51
764 74
765 77
766 77
767 51
768 51
769 77
770 17
771 80
772 31
773 31
774 31
775 60
776 60
777 60
778 31
779 80
780 69
781 69
782 31
783 31
784 80
785 60
786 41
787 80
788 80
789 31
790 31
791 31
792 31
793 19
794 60
795 19
796 17
797 70
798 70
799 60
800 60

