63 
59 
1 
65 
66 
46 
39 
33 
26 
20 50 21 61 
48 
47 
5 
24 
17 
72 
1 63
2 24
3 65
4 63
5 66
6 59
7 5
8 33
9 72
10 39
11 66
12 39
13 21
14 66
15 66
16 21
17 1
18 59
19 47
20 63
21 72
22 33
23 33
24 47
25 24
26 39
27 39
28 48
29 21
30 5
31 5
32 17
33 24
34 46
35 59
36 48
37 24
38 17
39 72
40 72
41 24
42 46
43 72
44 59
45 21
46 59
47 33
48 46
49 63
50 48
51 5
52 63
53 24
54 65
55 72
56 39
57 46
58 17
59 66
60 39
61 21
62 1
63 66
64 39
65 48
66 24
67 59
68 24
69 46
70 46
71 1
72 21
73 1
74 1
75 47
76 46
77 5
78 39
79 65
80 48
81 59
82 59
83 66
84 47
85 65
86 46
87 26
88 72
89 17
90 65
91 21
92 46
93 48
94 33
95 72
96 33
97 59
98 48
99 21
100 61
101 65
102 17
103 1
104 65
105 48
106 24
107 59
108 5
109 20
110 1
111 1
112 21
113 66
114 5
115 26
116 33
117 72
118 39
119 33
120 21
121 46
122 21
123 63
124 59
125 63
126 66
127 66
128 47
129 21
130 47
131 1
132 5
133 63
134 26
135 46
136 39
137 48
138 48
139 1
140 59
141 47
142 5
143 24
144 5
145 5
146 63
147 48
148 26
149 47
150 47
151 1
152 21
153 59
154 72
155 39
156 17
157 26
158 21
159 39
160 47
161 65
162 39
163 65
164 17
165 26
166 39
167 33
168 46
169 26
170 24
171 65
172 48
173 24
174 48
175 66
176 48
177 5
178 66
179 46
180 24
181 26
182 24
183 20
184 63
185 63
186 59
187 21
188 48
189 5
190 39
191 20
192 1
193 20
194 59
195 17
196 65
197 46
198 26
199 17
200 59
201 65
202 48
203 39
204 46
205 63
206 63
207 1
208 21
209 66
210 39
211 33
212 24
213 47
214 5
215 72
216 63
217 5
218 5
219 59
220 63
221 66
222 61
223 48
224 33
225 66
226 26
227 1
228 46
229 21
230 26
231 26
232 26
233 20
234 39
235 33
236 59
237 63
238 72
239 63
240 33
241 66
242 33
243 48
244 65
245 26
246 33
247 72
248 33
249 65
250 21
251 46
252 46
253 17
254 59
255 26
256 59
257 63
258 46
259 24
260 39
261 20
262 5
263 21
264 65
265 59
266 33
267 5
268 72
269 59
270 33
271 59
272 63
273 66
274 33
275 63
276 39
277 5
278 26
279 1
280 66
281 5
282 66
283 46
284 59
285 59
286 63
287 39
288 48
289 47
290 26
291 1
292 5
293 24
294 46
295 63
296 1
297 46
298 63
299 21
300 39
301 66
302 5
303 72
304 66
305 72
306 59
307 63
308 65
309 17
310 39
311 47
312 5
313 24
314 26
315 48
316 26
317 46
318 26
319 17
320 47
321 63
322 59
323 26
324 24
325 65
326 26
327 66
328 46
329 1
330 47
331 24
332 65
333 20
334 59
335 48
336 59
337 39
338 5
339 48
340 5
341 65
342 66
343 24
344 20
345 17
346 59
347 47
348 47
349 33
350 72
351 24
352 1
353 46
354 17
355 33
356 65
357 59
358 33
359 1
360 26
361 46
362 48
363 33
364 17
365 39
366 72
367 21
368 33
369 26
370 17
371 48
372 63
373 39
374 46
375 24
376 47
377 66
378 59
379 39
380 5
381 1
382 65
383 47
384 46
385 66
386 5
387 17
388 46
389 33
390 5
391 47
392 59
393 72
394 26
395 72
396 1
397 66
398 47
399 33
400 24
401 39
402 47
403 26
404 39
405 46
406 65
407 46
408 47
409 33
410 59
411 48
412 24
413 26
414 20
415 33
416 65
417 20
418 39
419 24
420 63
421 24
422 66
423 17
424 1
425 66
426 47
427 17
428 21
429 26
430 47
431 39
432 65
433 48
434 48
435 5
436 17
437 17
438 24
439 65
440 47
441 24
442 65
443 66
444 66
445 5
446 26
447 1
448 39
449 33
450 63
451 5
452 65
453 24
454 48
455 24
456 66
457 33
458 46
459 39
460 17
461 1
462 5
463 47
464 1
465 48
466 66
467 17
468 1
469 65
470 59
471 65
472 63
473 33
474 48
475 63
476 5
477 5
478 48
479 63
480 48
481 33
482 46
483 24
484 65
485 46
486 17
487 39
488 17
489 63
490 46
491 66
492 26
493 24
494 17
495 63
496 17
497 48
498 26
499 47
500 26
501 46
502 26
503 47
504 20
505 24
506 1
507 59
508 59
509 47
510 26
511 61
512 47
513 33
514 72
515 72
516 47
517 72
518 33
519 59
520 59
521 17
522 26
523 59
524 5
525 72
526 33
527 26
528 17
529 1
530 46
531 47
532 26
533 5
534 17
535 17
536 61
537 46
538 47
539 72
540 46
541 17
542 33
543 24
544 33
545 47
546 20
547 66
548 66
549 1
550 65
551 63
552 24
553 21
554 1
555 50
556 66
557 72
558 72
559 24
560 65
561 26
562 26
563 66
564 65
565 48
566 1
567 26
568 66
569 39
570 21
571 72
572 1
573 59
574 48
575 33
576 39
577 17
578 59
579 1
580 1
581 17
582 47
583 63
584 59
585 5
586 24
587 46
588 1
589 47
590 48
591 24
592 17
593 17
594 17
595 48
596 5
597 39
598 33
599 46
600 47
601 47
602 72
603 5
604 63
605 72
606 48
607 66
608 48
609 39
610 24
611 65
612 39
613 46
614 48
615 48
616 46
617 33
618 63
619 17
620 21
621 63
622 17
623 33
624 63
625 1
626 26
627 48
628 24
629 1
630 17
631 33
632 33
633 17
634 46
635 47
636 39
637 72
638 47
639 66
640 33
641 72
642 48
643 17
644 72
645 63
646 63
647 72
648 65
649 17
650 46
651 59
652 66
653 26
654 5
655 24
656 66
657 33
658 72
659 48
660 72
661 1
662 59
663 46
664 72
665 63
666 66
667 65
668 48
669 39
670 63
671 72
672 1
673 66
674 46
675 59
676 48
677 1
678 24
679 65
680 66
681 24
682 1
683 65
684 39
685 24
686 65
687 63
688 47
689 1
690 26
691 63
692 59
693 5
694 33
695 47
696 47
697 72
698 24
699 46
700 26
701 21
702 5
703 65
704 48
705 5
706 21
707 17
708 21
709 39
710 59
711 1
712 17
713 1
714 63
715 5
716 48
717 66
718 65
719 47
720 26
721 47
722 72
723 26
724 21
725 66
726 65
727 21
728 24
729 5
730 59
731 39
732 1
733 39
734 26
735 5
736 5
737 17
738 1
739 46
740 17
741 47
742 33
743 65
744 47
745 24
746 61
747 65
748 46
749 65
750 65
751 66
752 63
753 26
754 48
755 47
756 65
757 48
758 17
759 72
760 5
761 24
762 5
763 66
764 17
765 59
766 1
767 26
768 33
769 72
770 72
771 1
772 39
773 24
774 39
775 47
776 33
777 63
778 1
779 33
780 66
781 39
782 72
783 39
784 26
785 63
786 72
787 17
788 39
789 63
790 72
791 72
792 72
793 65
794 20
795 5
796 72
797 20
798 65
799 72
800 65

