78 
73 3 
44 
46 23 
18 50 31 
51 77 25 27 
24 45 
67 55 
70 
28 10 
63 
58 66 
4 64 
49 15 
2 1 
37 
59 43 
76 41 
11 42 38 14 
47 
72 20 35 
34 52 
56 
60 80 
62 5 74 13 8 
21 
12 75 
61 36 
9 22 
79 69 
30 39 
16 65 19 
68 32 6 26 
33 48 71 57 
17 
40 

1 2
2 75
3 75
4 75
5 75
6 75
7 75
8 75
9 75
10 1
11 2
12 2
13 2
14 2
15 2
16 2
17 2
18 2
19 2
20 2
21 3
22 3
23 3
24 3
25 3
26 3
27 3
28 3
29 3
30 3
31 4
32 4
33 4
34 4
35 4
36 66
37 4
38 66
39 4
40 4
41 5
42 5
43 5
44 5
45 5
46 5
47 5
48 5
49 5
50 5
51 6
52 6
53 6
54 77
55 21
56 6
57 77
58 6
59 6
60 6
61 49
62 49
63 17
64 17
65 49
66 17
67 49
68 17
69 49
70 8
71 17
72 49
73 8
74 17
75 17
76 8
77 49
78 17
79 17
80 49
81 9
82 9
83 22
84 9
85 9
86 22
87 9
88 22
89 9
90 9
91 28
92 28
93 28
94 28
95 28
96 10
97 10
98 28
99 28
100 10
101 11
102 63
103 63
104 63
105 11
106 63
107 63
108 63
109 63
110 63
111 12
112 12
113 12
114 12
115 12
116 12
117 12
118 12
119 12
120 12
121 17
122 8
123 17
124 17
125 49
126 17
127 17
128 8
129 17
130 17
131 14
132 61
133 14
134 14
135 61
136 61
137 61
138 14
139 61
140 14
141 70
142 70
143 15
144 70
145 70
146 70
147 70
148 70
149 70
150 70
151 16
152 65
153 16
154 65
155 65
156 16
157 65
158 65
159 65
160 16
161 49
162 17
163 17
164 49
165 17
166 17
167 49
168 49
169 49
170 17
171 18
172 18
173 18
174 18
175 18
176 18
177 18
178 18
179 18
180 18
181 19
182 19
183 59
184 59
185 59
186 59
187 59
188 59
189 59
190 59
191 20
192 20
193 20
194 20
195 20
196 20
197 20
198 20
199 20
200 20
201 21
202 21
203 21
204 21
205 21
206 21
207 21
208 21
209 21
210 21
211 22
212 22
213 22
214 22
215 22
216 22
217 22
218 22
219 22
220 22
221 3
222 3
223 23
224 23
225 23
226 38
227 23
228 23
229 23
230 23
231 47
232 24
233 47
234 24
235 24
236 24
237 24
238 24
239 24
240 47
241 21
242 25
243 21
244 21
245 21
246 21
247 21
248 25
249 25
250 25
251 40
252 40
253 40
254 40
255 40
256 40
257 40
258 40
259 40
260 40
261 25
262 25
263 25
264 21
265 25
266 21
267 25
268 25
269 21
270 27
271 28
272 28
273 28
274 28
275 28
276 28
277 28
278 28
279 28
280 28
281 40
282 78
283 40
284 76
285 76
286 76
287 40
288 40
289 76
290 40
291 30
292 30
293 30
294 30
295 30
296 30
297 39
298 30
299 30
300 30
301 63
302 31
303 63
304 31
305 63
306 63
307 63
308 31
309 31
310 63
311 32
312 72
313 32
314 32
315 32
316 32
317 32
318 32
319 32
320 32
321 44
322 44
323 33
324 44
325 33
326 44
327 44
328 44
329 44
330 33
331 34
332 52
333 34
334 34
335 34
336 34
337 34
338 34
339 52
340 52
341 24
342 24
343 24
344 47
345 24
346 24
347 45
348 24
349 24
350 24
351 36
352 36
353 36
354 36
355 36
356 36
357 36
358 36
359 36
360 36
361 37
362 37
363 37
364 37
365 37
366 37
367 37
368 37
369 37
370 37
371 38
372 3
373 38
374 38
375 3
376 38
377 38
378 38
379 38
380 3
381 39
382 39
383 39
384 39
385 39
386 39
387 39
388 39
389 39
390 39
391 78
392 78
393 78
394 78
395 40
396 40
397 40
398 78
399 78
400 40
401 41
402 41
403 41
404 41
405 41
406 41
407 41
408 41
409 41
410 41
411 42
412 42
413 42
414 42
415 42
416 42
417 42
418 42
419 42
420 42
421 43
422 43
423 23
424 43
425 43
426 43
427 23
428 23
429 43
430 23
431 44
432 44
433 44
434 44
435 44
436 44
437 44
438 44
439 44
440 44
441 47
442 47
443 47
444 47
445 47
446 47
447 47
448 45
449 47
450 47
451 46
452 46
453 46
454 46
455 46
456 46
457 46
458 46
459 46
460 46
461 47
462 47
463 47
464 47
465 47
466 47
467 47
468 47
469 47
470 47
471 48
472 39
473 39
474 10
475 48
476 39
477 48
478 48
479 48
480 48
481 49
482 49
483 49
484 49
485 49
486 66
487 49
488 49
489 49
490 49
491 50
492 50
493 50
494 50
495 50
496 50
497 50
498 50
499 50
500 50
501 40
502 51
503 51
504 40
505 26
506 40
507 76
508 40
509 40
510 76
511 52
512 52
513 52
514 52
515 52
516 52
517 52
518 52
519 52
520 52
521 2
522 2
523 75
524 75
525 75
526 2
527 2
528 75
529 75
530 2
531 56
532 56
533 56
534 56
535 56
536 56
537 56
538 56
539 56
540 56
541 67
542 67
543 67
544 55
545 67
546 67
547 67
548 67
549 67
550 67
551 56
552 56
553 56
554 56
555 56
556 56
557 43
558 56
559 56
560 56
561 71
562 57
563 71
564 71
565 71
566 71
567 71
568 71
569 71
570 71
571 58
572 58
573 58
574 58
575 58
576 58
577 58
578 58
579 58
580 58
581 59
582 59
583 59
584 59
585 59
586 59
587 59
588 59
589 59
590 59
591 60
592 60
593 60
594 60
595 60
596 60
597 60
598 60
599 60
600 60
601 61
602 61
603 61
604 61
605 61
606 61
607 61
608 61
609 61
610 61
611 62
612 68
613 62
614 24
615 68
616 62
617 62
618 62
619 68
620 68
621 9
622 63
623 63
624 9
625 63
626 63
627 63
628 63
629 9
630 63
631 64
632 4
633 4
634 4
635 4
636 64
637 64
638 4
639 64
640 64
641 65
642 65
643 65
644 65
645 65
646 65
647 65
648 65
649 65
650 65
651 66
652 66
653 66
654 66
655 50
656 66
657 66
658 66
659 66
660 66
661 67
662 67
663 67
664 67
665 67
666 67
667 67
668 67
669 67
670 67
671 35
672 24
673 24
674 68
675 24
676 35
677 35
678 68
679 35
680 24
681 69
682 69
683 69
684 69
685 69
686 69
687 69
688 69
689 69
690 69
691 70
692 70
693 70
694 70
695 70
696 70
697 70
698 70
699 70
700 70
701 80
702 80
703 71
704 71
705 71
706 71
707 80
708 71
709 80
710 71
711 72
712 72
713 72
714 72
715 72
716 72
717 72
718 72
719 72
720 72
721 73
722 73
723 73
724 73
725 73
726 73
727 73
728 73
729 73
730 73
731 13
732 17
733 17
734 17
735 8
736 17
737 8
738 13
739 74
740 49
741 2
742 75
743 2
744 2
745 2
746 2
747 75
748 2
749 2
750 2
751 41
752 76
753 76
754 41
755 41
756 41
757 41
758 76
759 41
760 40
761 51
762 77
763 77
764 77
765 51
766 77
767 77
768 77
769 77
770 77
771 78
772 78
773 78
774 78
775 78
776 78
777 78
778 78
779 78
780 78
781 79
782 79
783 79
784 79
785 79
786 79
787 79
788 79
789 79
790 79
791 80
792 80
793 80
794 80
795 80
796 80
797 80
798 80
799 80
800 80

