79 
77 
74 
73 
71 
68 
60 
54 
31 
56 62 66 11 
63 
49 
48 
24 
37 
29 
23 
15 
32 
27 
28 
4 
26 
72 
58 
17 
52 
6 
25 
12 
5 
1 

1 28
2 24
3 68
4 5
5 12
6 26
7 63
8 25
9 4
10 60
11 12
12 27
13 60
14 27
15 63
16 24
17 48
18 72
19 60
20 52
21 73
22 32
23 72
24 15
25 54
26 56
27 24
28 31
29 71
30 49
31 15
32 58
33 23
34 37
35 24
36 68
37 79
38 5
39 56
40 32
41 49
42 73
43 28
44 5
45 12
46 25
47 17
48 52
49 74
50 66
51 74
52 48
53 73
54 73
55 1
56 27
57 54
58 73
59 77
60 1
61 37
62 24
63 1
64 26
65 72
66 63
67 24
68 5
69 37
70 79
71 58
72 79
73 25
74 1
75 58
76 52
77 60
78 31
79 74
80 52
81 66
82 15
83 28
84 29
85 17
86 12
87 63
88 15
89 15
90 31
91 56
92 17
93 25
94 6
95 77
96 29
97 56
98 60
99 49
100 79
101 5
102 17
103 11
104 17
105 37
106 66
107 54
108 74
109 23
110 48
111 26
112 52
113 31
114 52
115 5
116 52
117 26
118 74
119 29
120 6
121 15
122 79
123 58
124 31
125 72
126 32
127 1
128 32
129 25
130 1
131 63
132 77
133 31
134 28
135 71
136 4
137 15
138 49
139 25
140 28
141 4
142 48
143 17
144 4
145 54
146 32
147 6
148 48
149 60
150 29
151 1
152 71
153 24
154 63
155 72
156 68
157 15
158 29
159 79
160 12
161 77
162 71
163 58
164 31
165 63
166 68
167 28
168 48
169 31
170 12
171 23
172 52
173 23
174 5
175 77
176 58
177 60
178 52
179 79
180 77
181 27
182 74
183 1
184 68
185 79
186 66
187 17
188 31
189 5
190 28
191 56
192 58
193 1
194 27
195 29
196 49
197 63
198 49
199 28
200 6
201 77
202 72
203 77
204 56
205 25
206 72
207 29
208 71
209 77
210 37
211 6
212 1
213 74
214 28
215 4
216 4
217 17
218 68
219 4
220 31
221 72
222 54
223 12
224 73
225 1
226 54
227 71
228 49
229 28
230 31
231 15
232 24
233 6
234 73
235 37
236 32
237 23
238 48
239 27
240 6
241 66
242 25
243 17
244 26
245 52
246 26
247 60
248 4
249 23
250 1
251 5
252 48
253 74
254 4
255 77
256 49
257 26
258 54
259 29
260 29
261 29
262 58
263 4
264 49
265 27
266 52
267 32
268 49
269 58
270 54
271 52
272 31
273 28
274 27
275 12
276 1
277 74
278 1
279 28
280 63
281 73
282 74
283 32
284 54
285 26
286 15
287 25
288 25
289 26
290 79
291 23
292 63
293 4
294 4
295 32
296 6
297 49
298 1
299 68
300 5
301 48
302 72
303 79
304 6
305 72
306 25
307 58
308 49
309 58
310 17
311 6
312 73
313 23
314 68
315 12
316 32
317 28
318 37
319 37
320 37
321 27
322 58
323 24
324 73
325 23
326 23
327 77
328 1
329 74
330 6
331 79
332 23
333 71
334 72
335 24
336 73
337 12
338 31
339 74
340 27
341 26
342 37
343 17
344 73
345 5
346 31
347 77
348 32
349 48
350 58
351 27
352 24
353 25
354 58
355 60
356 1
357 27
358 26
359 52
360 54
361 4
362 4
363 37
364 52
365 17
366 5
367 12
368 74
369 77
370 54
371 32
372 37
373 73
374 79
375 77
376 56
377 31
378 27
379 56
380 17
381 1
382 66
383 23
384 63
385 66
386 60
387 54
388 60
389 31
390 26
391 27
392 71
393 56
394 49
395 54
396 73
397 23
398 32
399 49
400 77
401 54
402 32
403 37
404 72
405 24
406 48
407 71
408 23
409 48
410 52
411 17
412 73
413 73
414 31
415 68
416 28
417 79
418 74
419 58
420 4
421 32
422 28
423 26
424 25
425 68
426 54
427 27
428 52
429 5
430 52
431 27
432 48
433 73
434 17
435 63
436 60
437 68
438 5
439 71
440 12
441 25
442 74
443 54
444 1
445 17
446 15
447 68
448 5
449 5
450 60
451 72
452 58
453 58
454 29
455 23
456 48
457 56
458 72
459 63
460 79
461 1
462 72
463 24
464 27
465 26
466 77
467 24
468 77
469 73
470 17
471 4
472 23
473 54
474 25
475 71
476 72
477 32
478 15
479 58
480 49
481 32
482 79
483 56
484 31
485 29
486 15
487 15
488 12
489 29
490 23
491 60
492 48
493 27
494 71
495 49
496 24
497 28
498 60
499 71
500 28
501 4
502 63
503 6
504 77
505 72
506 6
507 37
508 74
509 15
510 29
511 60
512 48
513 72
514 23
515 29
516 68
517 26
518 1
519 27
520 25
521 77
522 26
523 54
524 49
525 24
526 48
527 71
528 58
529 24
530 5
531 49
532 60
533 71
534 25
535 68
536 12
537 68
538 37
539 60
540 26
541 26
542 74
543 24
544 56
545 52
546 11
547 48
548 52
549 37
550 24
551 77
552 79
553 24
554 77
555 5
556 49
557 28
558 32
559 29
560 60
561 74
562 5
563 23
564 1
565 15
566 37
567 5
568 25
569 23
570 68
571 74
572 26
573 26
574 24
575 72
576 24
577 49
578 28
579 27
580 4
581 27
582 68
583 24
584 63
585 29
586 29
587 5
588 63
589 52
590 62
591 12
592 15
593 5
594 32
595 12
596 4
597 77
598 74
599 15
600 6
601 68
602 60
603 11
604 32
605 29
606 71
607 37
608 71
609 54
610 12
611 73
612 58
613 27
614 60
615 29
616 6
617 6
618 25
619 73
620 52
621 32
622 31
623 12
624 77
625 68
626 37
627 54
628 17
629 58
630 4
631 71
632 5
633 60
634 71
635 71
636 77
637 48
638 63
639 54
640 6
641 15
642 37
643 56
644 32
645 17
646 6
647 28
648 48
649 63
650 68
651 29
652 26
653 15
654 26
655 12
656 37
657 23
658 63
659 29
660 66
661 79
662 48
663 15
664 6
665 68
666 58
667 37
668 54
669 63
670 4
671 6
672 79
673 31
674 73
675 58
676 6
677 23
678 28
679 4
680 4
681 52
682 79
683 23
684 15
685 29
686 28
687 73
688 72
689 71
690 5
691 79
692 23
693 48
694 54
695 1
696 5
697 58
698 1
699 54
700 31
701 31
702 29
703 25
704 52
705 28
706 49
707 79
708 72
709 15
710 25
711 17
712 49
713 71
714 1
715 6
716 31
717 17
718 49
719 52
720 63
721 27
722 68
723 79
724 17
725 74
726 17
727 73
728 6
729 17
730 48
731 72
732 79
733 74
734 31
735 27
736 37
737 48
738 12
739 71
740 32
741 15
742 72
743 6
744 4
745 63
746 31
747 68
748 17
749 49
750 12
751 28
752 63
753 15
754 58
755 4
756 60
757 26
758 60
759 48
760 74
761 32
762 27
763 54
764 37
765 68
766 73
767 74
768 72
769 24
770 49
771 63
772 74
773 32
774 71
775 24
776 6
777 79
778 77
779 73
780 25
781 12
782 12
783 23
784 60
785 26
786 29
787 71
788 12
789 63
790 12
791 52
792 37
793 28
794 25
795 26
796 25
797 25
798 68
799 72
800 79

